0 0 0.714624 0.0216776 0.0216776 0.0216776 0.156661 0.0212276 0.0212276 0.0212276
0 0.32476 0.669903 0.0194288 0.0194288 0.0194288 0.214644 0.0190555 0.0190555 0.0190555
0 0.649519 0.554728 0.0155592 0.0155592 0.0155592 0.35271 0.0152948 0.0152948 0.0152948
0 0.974279 0.377616 0.0106306 0.0106306 0.0106306 0.558629 0.0106211 0.0106211 0.0106211
0 1.29904 0.229251 0.0065399 0.0065399 0.0065399 0.73106 0.00669006 0.00669006 0.00669006
0 1.6238 0.156539 0.0045033 0.0045033 0.0045033 0.816026 0.00464181 0.00464181 0.00464181
0 1.94856 0.136397 0.00393341 0.00393341 0.00393341 0.83964 0.00405422 0.00405422 0.00405422
0 2.27332 0.143264 0.00412967 0.00412967 0.00412967 0.831576 0.00425703 0.00425703 0.00425703
0 2.59808 0.16048 0.00462627 0.00462627 0.00462627 0.811342 0.00476621 0.00476621 0.00476621
0 2.92284 0.174075 0.00502059 0.00502059 0.00502059 0.795364 0.00516649 0.00516649 0.00516649
0 3.2476 0.174077 0.00502065 0.00502065 0.00502065 0.795361 0.00516656 0.00516656 0.00516656
0 3.57235 0.160484 0.00462639 0.00462639 0.00462639 0.811337 0.00476634 0.00476634 0.00476634
0 3.89711 0.143265 0.0041297 0.0041297 0.0041297 0.831574 0.00425708 0.00425708 0.00425708
0 4.22187 0.136389 0.0039332 0.0039332 0.0039332 0.839649 0.00405401 0.00405401 0.00405401
0 4.54663 0.156514 0.00450265 0.00450265 0.00450265 0.816054 0.00464116 0.00464116 0.00464116
0 4.87139 0.229199 0.00653855 0.00653855 0.00653855 0.731118 0.00668875 0.00668875 0.00668875
0 5.19615 0.377543 0.0106288 0.0106288 0.0106288 0.558712 0.0106194 0.0106194 0.0106194
0 5.52091 0.554675 0.0155578 0.0155578 0.0155578 0.352772 0.0152935 0.0152935 0.0152935
0 5.84567 0.669884 0.019428 0.019428 0.019428 0.214668 0.0190547 0.0190547 0.0190547
0 6.17043 0.714621 0.0216769 0.0216769 0.0216769 0.156668 0.0212269 0.0212269 0.0212269
0.1875 0 0.700978 0.0208888 0.0208888 0.0208888 0.174943 0.0204706 0.0204706 0.0204706
0.1875 0.32476 0.652678 0.0187436 0.0187436 0.0187436 0.23593 0.0183873 0.0183873 0.0183873
0.1875 0.649519 0.534128 0.0149637 0.0149637 0.0149637 0.376811 0.0147232 0.0147232 0.0147232
0.1875 0.974279 0.361673 0.0101978 0.0101978 0.0101978 0.5771 0.0102113 0.0102113 0.0102113
0.1875 1.29904 0.223127 0.00637443 0.00637443 0.00637443 0.738173 0.00652592 0.00652592 0.00652592
0.1875 1.6238 0.157674 0.00453987 0.00453987 0.00453987 0.814671 0.00467868 0.00467868 0.00467868
0.1875 1.94856 0.143265 0.00412969 0.00412969 0.00412969 0.831575 0.00425711 0.00425711 0.00425711
0.1875 2.27332 0.156544 0.00450356 0.00450356 0.00450356 0.816018 0.00464215 0.00464215 0.00464215
0.1875 2.59808 0.180569 0.00518818 0.00518818 0.00518818 0.78785 0.0053385 0.0053385 0.0053385
0.1875 2.92284 0.198832 0.00571128 0.00571128 0.00571128 0.766443 0.00586368 0.00586368 0.00586368
0.1875 3.2476 0.198835 0.00571138 0.00571138 0.00571138 0.766439 0.00586378 0.00586378 0.00586378
0.1875 3.57235 0.180576 0.00518838 0.00518838 0.00518838 0.787843 0.00533871 0.00533871 0.00533871
0.1875 3.89711 0.156548 0.00450368 0.00450368 0.00450368 0.816014 0.00464228 0.00464228 0.00464228
0.1875 4.22187 0.14326 0.00412955 0.00412955 0.00412955 0.831581 0.00425698 0.00425698 0.00425698
0.1875 4.54663 0.157652 0.0045393 0.0045393 0.0045393 0.814695 0.00467811 0.00467811 0.00467811
0.1875 4.87139 0.22308 0.0063732 0.0063732 0.0063732 0.738226 0.00652472 0.00652472 0.00652472
0.1875 5.19615 0.361605 0.0101962 0.0101962 0.0101962 0.577177 0.0102098 0.0102098 0.0102098
0.1875 5.52091 0.534078 0.0149624 0.0149624 0.0149624 0.376869 0.014722 0.014722 0.014722
0.1875 5.84567 0.652659 0.0187428 0.0187428 0.0187428 0.235953 0.0183865 0.0183865 0.0183865
0.1875 6.17043 0.700977 0.0208882 0.0208882 0.0208882 0.174948 0.0204701 0.0204701 0.0204701
0.375 0 0.669899 0.0194292 0.0194292 0.0194292 0.214646 0.0190557 0.0190557 0.0190557
0.375 0.32476 0.615403 0.0174309 0.0174309 0.0174309 0.280984 0.0171068 0.0171068 0.0171068
0.375 0.649519 0.492887 0.0138018 0.0138018 0.0138018 0.424861 0.0136156 0.0136156 0.0136156
0.375 0.974279 0.331984 0.00938915 0.00938915 0.00938915 0.611519 0.00944337 0.00944337 0.00944337
0.375 1.29904 0.212223 0.00607816 0.00607816 0.00607816 0.75085 0.00623096 0.00623096 0.00623096
0.375 1.6238 0.160472 0.00462598 0.00462598 0.00462598 0.811353 0.00476585 0.00476585 0.00476585
0.375 1.94856 0.157675 0.00453994 0.00453994 0.00453994 0.814669 0.00467883 0.00467883 0.00467883
0.375 2.27332 0.184582 0.00529104 0.00529104 0.00529104 0.783213 0.00544373 0.00544373 0.00544373
0.375 2.59808 0.223112 0.00637403 0.00637403 0.00637403 0.738189 0.0065254 0.0065254 0.0065254
0.375 2.92284 0.251104 0.00716259 0.00716259 0.00716259 0.70551 0.00729933 0.00729933 0.00729933
0.375 3.2476 0.25111 0.00716275 0.00716275 0.00716275 0.705504 0.00729949 0.00729949 0.00729949
0.375 3.57235 0.223125 0.00637439 0.00637439 0.00637439 0.738175 0.00652576 0.00652576 0.00652576
0.375 3.89711 0.184593 0.00529135 0.00529135 0.00529135 0.783201 0.00544404 0.00544404 0.00544404
0.375 4.22187 0.157675 0.00453996 0.00453996 0.00453996 0.814669 0.00467887 0.00467887 0.00467887
0.375 4.54663 0.160456 0.00462556 0.00462556 0.00462556 0.811371 0.00476544 0.00476544 0.00476544
0.375 4.87139 0.212185 0.00607716 0.00607716 0.00607716 0.750894 0.00622998 0.00622998 0.00622998
0.375 5.19615 0.331926 0.00938772 0.00938772 0.00938772 0.611584 0.00944203 0.00944203 0.00944203
0.375 5.52091 0.492842 0.0138006 0.0138006 0.0138006 0.424913 0.0136146 0.0136146 0.0136146
0.375 5.84567 0.615387 0.0174303 0.0174303 0.0174303 0.281004 0.0171062 0.0171062 0.0171062
0.375 6.17043 0.669899 0.0194288 0.0194288 0.0194288 0.214648 0.0190554 0.0190554 0.0190554
0.5625 0 0.615407 0.0174311 0.0174311 0.0174311 0.280979 0.0171071 0.0171071 0.0171071
0.5625 0.32476 0.554717 0.0155586 0.0155586 0.0155586 0.352725 0.0152942 0.0152942 0.0152942
0.5625 0.649519 0.433102 0.0121535 0.0121535 0.0121535 0.494267 0.012057 0.012057 0.012057
0.5625 0.974279 0.293056 0.00832215 0.00832215 0.00832215 0.65671 0.00842269 0.00842269 0.00842269
0.5625 1.29904 0.198822 0.0057109 0.0057109 0.0057109 0.766455 0.00586333 0.00586333 0.00586333
0.5625 1.6238 0.165726 0.00478112 0.00478112 0.00478112 0.805161 0.00492336 0.00492336 0.00492336
0.5625 1.94856 0.180555 0.00518773 0.00518773 0.00518773 0.787868 0.00533804 0.00533804 0.00533804
0.5625 2.27332 0.229221 0.00653902 0.00653902 0.00653902 0.731095 0.00668903 0.00668903 0.00668903
0.5625 2.59808 0.290129 0.00822948 0.00822948 0.00822948 0.660178 0.00833507 0.00833507 0.00833507
0.5625 2.92284 0.332016 0.00939012 0.00939012 0.00939012 0.61148 0.00944439 0.00944439 0.00944439
0.5625 3.2476 0.332025 0.00939037 0.00939037 0.00939037 0.61147 0.00944463 0.00944463 0.00944463
0.5625 3.57235 0.29015 0.00823008 0.00823008 0.00823008 0.660153 0.00833566 0.00833566 0.00833566
0.5625 3.89711 0.229242 0.00653962 0.00653962 0.00653962 0.731071 0.00668963 0.00668963 0.00668963
0.5625 4.22187 0.180564 0.005188 0.005188 0.005188 0.787857 0.00533832 0.00533832 0.00533832
0.5625 4.54663 0.165718 0.00478093 0.00478093 0.00478093 0.80517 0.00492318 0.00492318 0.00492318
0.5625 4.87139 0.198795 0.00571019 0.00571019 0.00571019 0.766487 0.00586264 0.00586264 0.00586264
0.5625 5.19615 0.293012 0.00832106 0.00832106 0.00832106 0.656759 0.00842166 0.00842166 0.00842166
0.5625 5.52091 0.433065 0.0121526 0.0121526 0.0121526 0.494309 0.0120561 0.0120561 0.0120561
0.5625 5.84567 0.554705 0.0155582 0.0155582 0.0155582 0.352739 0.0152938 0.0152938 0.0152938
0.5625 6.17043 0.615412 0.017431 0.017431 0.017431 0.280974 0.0171069 0.0171069 0.0171069
0.75 0 0.534117 0.0149633 0.0149633 0.0149633 0.376825 0.0147228 0.0147228 0.0147228
0.75 0.32476 0.471825 0.0132142 0.0132142 0.0132142 0.449353 0.0130596 0.0130596 0.0130596
0.75 0.649519 0.361717 0.0101991 0.0101991 0.0101991 0.577047 0.0102127 0.0102127 0.0102127
0.75 0.974279 0.251092 0.0071622 0.0071622 0.0071622 0.705525 0.00729893 0.00729893 0.00729893
0.75 1.29904 0.185435 0.0053399 0.0053399 0.0053399 0.782076 0.00548971 0.00548971 0.00548971
0.75 1.6238 0.174055 0.00501997 0.00501997 0.00501997 0.795388 0.00516586 0.00516586 0.00516586
0.75 1.94856 0.212196 0.00607742 0.00607742 0.00607742 0.750881 0.00623014 0.00623014 0.00623014
0.75 2.27332 0.290113 0.00822902 0.00822902 0.00822902 0.660196 0.00833464 0.00833464 0.00833464
0.75 2.59808 0.377649 0.0106316 0.0106316 0.0106316 0.55859 0.0106222 0.0106222 0.0106222
0.75 2.92284 0.433094 0.0121533 0.0121533 0.0121533 0.494276 0.0120568 0.0120568 0.0120568
0.75 3.2476 0.433106 0.0121536 0.0121536 0.0121536 0.494262 0.0120571 0.0120571 0.0120571
0.75 3.57235 0.37768 0.0106325 0.0106325 0.0106325 0.558554 0.010623 0.010623 0.010623
0.75 3.89711 0.290148 0.00823001 0.00823001 0.00823001 0.660155 0.00833559 0.00833559 0.00833559
0.75 4.22187 0.212217 0.00607804 0.00607804 0.00607804 0.750856 0.00623077 0.00623077 0.00623077
0.75 4.54663 0.174057 0.00502006 0.00502006 0.00502006 0.795385 0.00516596 0.00516596 0.00516596
0.75 4.87139 0.185419 0.00533951 0.00533951 0.00533951 0.782094 0.00548933 0.00548933 0.00548933
0.75 5.19615 0.251063 0.00716149 0.00716149 0.00716149 0.705558 0.00729825 0.00729825 0.00729825
0.75 5.52091 0.361693 0.0101985 0.0101985 0.0101985 0.577075 0.0102121 0.0102121 0.0102121
0.75 5.84567 0.471821 0.0132141 0.0132141 0.0132141 0.449359 0.0130594 0.0130594 0.0130594
0.75 6.17043 0.534129 0.0149634 0.0149634 0.0149634 0.376812 0.0147229 0.0147229 0.0147229
0.9375 0 0.433091 0.0121533 0.0121533 0.0121533 0.494279 0.0120568 0.0120568 0.0120568
0.9375 0.32476 0.377663 0.010632 0.010632 0.010632 0.558574 0.0106225 0.0106225 0.0106225
0.9375 0.649519 0.290137 0.00822966 0.00822966 0.00822966 0.660168 0.00833526 0.00833526 0.00833526
0.9375 0.974279 0.212214 0.00607792 0.00607792 0.00607792 0.75086 0.00623064 0.00623064 0.00623064
0.9375 1.29904 0.174058 0.00502006 0.00502006 0.00502006 0.795384 0.00516595 0.00516595 0.00516595
0.9375 1.6238 0.18542 0.0053395 0.0053395 0.0053395 0.782093 0.00548931 0.00548931 0.00548931
0.9375 1.94856 0.251059 0.00716132 0.00716132 0.00716132 0.705562 0.00729807 0.00729807 0.00729807
0.9375 2.27332 0.36168 0.0101981 0.0101981 0.0101981 0.57709 0.0102117 0.0102117 0.0102117
0.9375 2.59808 0.471804 0.0132136 0.0132136 0.0132136 0.449378 0.013059 0.013059 0.013059
0.9375 2.92284 0.534116 0.0149631 0.0149631 0.0149631 0.376826 0.0147226 0.0147226 0.0147226
0.9375 3.2476 0.53413 0.0149635 0.0149635 0.0149635 0.376811 0.014723 0.014723 0.014723
0.9375 3.57235 0.471843 0.0132147 0.0132147 0.0132147 0.449333 0.01306 0.01306 0.01306
0.9375 3.89711 0.36173 0.0101995 0.0101995 0.0101995 0.577032 0.0102131 0.0102131 0.0102131
0.9375 4.22187 0.251096 0.00716237 0.00716237 0.00716237 0.70552 0.0072991 0.0072991 0.0072991
0.9375 4.54663 0.185434 0.00533991 0.00533991 0.00533991 0.782078 0.00548973 0.00548973 0.00548973
0.9375 4.87139 0.174053 0.00501997 0.00501997 0.00501997 0.795389 0.00516587 0.00516587 0.00516587
0.9375 5.19615 0.212199 0.00607755 0.00607755 0.00607755 0.750878 0.00623028 0.00623028 0.00623028
0.9375 5.52091 0.290124 0.00822937 0.00822937 0.00822937 0.660183 0.00833498 0.00833498 0.00833498
0.9375 5.84567 0.377666 0.0106321 0.0106321 0.0106321 0.55857 0.0106226 0.0106226 0.0106226
0.9375 6.17043 0.433109 0.0121537 0.0121537 0.0121537 0.494259 0.0120571 0.0120571 0.0120571
1.125 0 0.33201 0.00938998 0.00938998 0.00938998 0.611487 0.00944428 0.00944428 0.00944428
1.125 0.32476 0.290135 0.00822966 0.00822966 0.00822966 0.66017 0.00833525 0.00833525 0.00833525
1.125 0.649519 0.229233 0.00653934 0.00653934 0.00653934 0.731081 0.00668935 0.00668935 0.00668935
1.125 0.974279 0.180562 0.00518791 0.00518791 0.00518791 0.787859 0.00533823 0.00533823 0.00533823
1.125 1.29904 0.16572 0.00478094 0.00478094 0.00478094 0.805168 0.00492318 0.00492318 0.00492318
1.125 1.6238 0.198796 0.00571018 0.00571018 0.00571018 0.766486 0.00586261 0.00586261 0.00586261
1.125 1.94856 0.293008 0.00832087 0.00832087 0.00832087 0.656765 0.00842146 0.00842146 0.00842146
1.125 2.27332 0.433052 0.0121522 0.0121522 0.0121522 0.494324 0.0120558 0.0120558 0.0120558
1.125 2.59808 0.554691 0.0155578 0.0155578 0.0155578 0.352756 0.0152934 0.0152934 0.0152934
1.125 2.92284 0.615403 0.0174309 0.0174309 0.0174309 0.280984 0.0171068 0.0171068 0.0171068
1.125 3.2476 0.615416 0.0174313 0.0174313 0.0174313 0.280969 0.0171072 0.0171072 0.0171072
1.125 3.57235 0.554732 0.015559 0.015559 0.015559 0.352708 0.0152945 0.0152945 0.0152945
1.125 3.89711 0.433114 0.0121539 0.0121539 0.0121539 0.494252 0.0120574 0.0120574 0.0120574
1.125 4.22187 0.293061 0.00832234 0.00832234 0.00832234 0.656704 0.00842288 0.00842288 0.00842288
1.125 4.54663 0.198821 0.00571092 0.00571092 0.00571092 0.766457 0.00586336 0.00586336 0.00586336
1.125 4.87139 0.165724 0.0047811 0.0047811 0.0047811 0.805163 0.00492336 0.00492336 0.00492336
1.125 5.19615 0.180556 0.00518781 0.00518781 0.00518781 0.787866 0.00533813 0.00533813 0.00533813
1.125 5.52091 0.229229 0.00653929 0.00653929 0.00653929 0.731085 0.0066893 0.0066893 0.0066893
1.125 5.84567 0.290144 0.0082299 0.0082299 0.0082299 0.66016 0.00833548 0.00833548 0.00833548
1.125 6.17043 0.332031 0.0093905 0.0093905 0.0093905 0.611464 0.00944474 0.00944474 0.00944474
1.3125 0 0.251097 0.0071624 0.0071624 0.0071624 0.705518 0.00729915 0.00729915 0.00729915
1.3125 0.32476 0.223113 0.00637405 0.00637405 0.00637405 0.738188 0.00652543 0.00652543 0.00652543
1.3125 0.649519 0.184586 0.00529115 0.00529115 0.00529115 0.783208 0.00544384 0.00544384 0.00544384
1.3125 0.974279 0.157674 0.00453991 0.00453991 0.00453991 0.814669 0.00467881 0.00467881 0.00467881
1.3125 1.29904 0.160458 0.00462558 0.00462558 0.00462558 0.811369 0.00476546 0.00476546 0.00476546
1.3125 1.6238 0.212186 0.00607715 0.00607715 0.00607715 0.750892 0.00622995 0.00622995 0.00622995
1.3125 1.94856 0.331922 0.00938751 0.00938751 0.00938751 0.61159 0.00944182 0.00944182 0.00944182
1.3125 2.27332 0.49283 0.0138002 0.0138002 0.0138002 0.424927 0.0136142 0.0136142 0.0136142
1.3125 2.59808 0.615376 0.0174299 0.0174299 0.0174299 0.281017 0.0171058 0.0171058 0.0171058
1.3125 2.92284 0.669894 0.0194287 0.0194287 0.0194287 0.214654 0.0190553 0.0190553 0.0190553
1.3125 3.2476 0.669905 0.0194292 0.0194292 0.0194292 0.21464 0.0190558 0.0190558 0.0190558
1.3125 3.57235 0.615415 0.0174312 0.0174312 0.0174312 0.28097 0.0171071 0.0171071 0.0171071
1.3125 3.89711 0.492898 0.0138022 0.0138022 0.0138022 0.424847 0.013616 0.013616 0.013616
1.3125 4.22187 0.331988 0.00938936 0.00938936 0.00938936 0.611514 0.00944357 0.00944357 0.00944357
1.3125 4.54663 0.212221 0.00607818 0.00607818 0.00607818 0.750852 0.00623098 0.00623098 0.00623098
1.3125 4.87139 0.160469 0.00462595 0.00462595 0.00462595 0.811355 0.00476584 0.00476584 0.00476584
1.3125 5.19615 0.157675 0.00453998 0.00453998 0.00453998 0.814668 0.00467889 0.00467889 0.00467889
1.3125 5.52091 0.184588 0.00529124 0.00529124 0.00529124 0.783206 0.00544394 0.00544394 0.00544394
1.3125 5.84567 0.223124 0.00637437 0.00637437 0.00637437 0.738176 0.00652574 0.00652574 0.00652574
1.3125 6.17043 0.251117 0.00716294 0.00716294 0.00716294 0.705496 0.00729966 0.00729966 0.00729966
1.5 0 0.198825 0.00571107 0.00571107 0.00571107 0.766451 0.00586348 0.00586348 0.00586348
1.5 0.32476 0.180567 0.00518811 0.00518811 0.00518811 0.787853 0.00533844 0.00533844 0.00533844
1.5 0.649519 0.156544 0.00450353 0.00450353 0.00450353 0.816019 0.00464212 0.00464212 0.00464212
1.5 0.974279 0.14326 0.00412953 0.00412953 0.00412953 0.831581 0.00425694 0.00425694 0.00425694
1.5 1.29904 0.157655 0.00453933 0.00453933 0.00453933 0.814692 0.00467813 0.00467813 0.00467813
1.5 1.6238 0.223081 0.00637319 0.00637319 0.00637319 0.738224 0.0065247 0.0065247 0.0065247
1.5 1.94856 0.361601 0.0101959 0.0101959 0.0101959 0.577182 0.0102096 0.0102096 0.0102096
1.5 2.27332 0.534068 0.014962 0.014962 0.014962 0.376882 0.0147216 0.0147216 0.0147216
1.5 2.59808 0.65265 0.0187425 0.0187425 0.0187425 0.235964 0.0183862 0.0183862 0.0183862
1.5 2.92284 0.700973 0.0208882 0.0208882 0.0208882 0.174952 0.0204701 0.0204701 0.0204701
1.5 3.2476 0.700982 0.0208888 0.0208888 0.0208888 0.174939 0.0204706 0.0204706 0.0204706
1.5 3.57235 0.652687 0.0187439 0.0187439 0.0187439 0.235919 0.0183875 0.0183875 0.0183875
1.5 3.89711 0.534138 0.014964 0.014964 0.014964 0.376799 0.0147236 0.0147236 0.0147236
1.5 4.22187 0.361677 0.010198 0.010198 0.010198 0.577095 0.0102115 0.0102115 0.0102115
1.5 4.54663 0.223125 0.00637444 0.00637444 0.00637444 0.738174 0.00652594 0.00652594 0.00652594
1.5 4.87139 0.157671 0.00453983 0.00453983 0.00453983 0.814673 0.00467866 0.00467866 0.00467866
1.5 5.19615 0.143265 0.00412971 0.00412971 0.00412971 0.831575 0.00425714 0.00425714 0.00425714
1.5 5.52091 0.156549 0.0045037 0.0045037 0.0045037 0.816013 0.0046423 0.0046423 0.0046423
1.5 5.84567 0.180578 0.00518845 0.00518845 0.00518845 0.78784 0.00533877 0.00533877 0.00533877
1.5 6.17043 0.198843 0.00571158 0.00571158 0.00571158 0.766431 0.00586397 0.00586397 0.00586397
1.6875 0 0.174068 0.00502038 0.00502038 0.00502038 0.795372 0.00516629 0.00516629 0.00516629
1.6875 0.32476 0.160477 0.00462616 0.00462616 0.00462616 0.811346 0.0047661 0.0047661 0.0047661
1.6875 0.649519 0.143262 0.00412958 0.00412958 0.00412958 0.831578 0.00425695 0.00425695 0.00425695
1.6875 0.974279 0.13639 0.00393319 0.00393319 0.00393319 0.839648 0.00405399 0.00405399 0.00405399
1.6875 1.29904 0.156517 0.00450269 0.00450269 0.00450269 0.816051 0.00464119 0.00464119 0.00464119
1.6875 1.6238 0.229201 0.00653854 0.00653854 0.00653854 0.731116 0.00668872 0.00668872 0.00668872
1.6875 1.94856 0.377539 0.0106286 0.0106286 0.0106286 0.558717 0.0106192 0.0106192 0.0106192
1.6875 2.27332 0.554666 0.0155575 0.0155575 0.0155575 0.352783 0.0152932 0.0152932 0.0152932
1.6875 2.59808 0.669876 0.0194277 0.0194277 0.0194277 0.214678 0.0190544 0.0190544 0.0190544
1.6875 2.92284 0.714618 0.021677 0.021677 0.021677 0.15667 0.021227 0.021227 0.021227
1.6875 3.2476 0.714627 0.0216775 0.0216775 0.0216775 0.156658 0.0212275 0.0212275 0.0212275
1.6875 3.57235 0.669911 0.0194291 0.0194291 0.0194291 0.214635 0.0190558 0.0190558 0.0190558
1.6875 3.89711 0.554736 0.0155595 0.0155595 0.0155595 0.352699 0.0152951 0.0152951 0.0152951
1.6875 4.22187 0.37762 0.0106308 0.0106308 0.0106308 0.558624 0.0106213 0.0106213 0.0106213
1.6875 4.54663 0.229249 0.00653991 0.00653991 0.00653991 0.731061 0.00669008 0.00669008 0.00669008
1.6875 4.87139 0.156536 0.00450326 0.00450326 0.00450326 0.816029 0.00464178 0.00464178 0.00464178
1.6875 5.19615 0.136396 0.00393342 0.00393342 0.00393342 0.839641 0.00405424 0.00405424 0.00405424
1.6875 5.52091 0.143268 0.00412978 0.00412978 0.00412978 0.831572 0.00425716 0.00425716 0.00425716
1.6875 5.84567 0.160488 0.0046265 0.0046265 0.0046265 0.811333 0.00476644 0.00476644 0.00476644
1.6875 6.17043 0.174084 0.00502086 0.00502086 0.00502086 0.795353 0.00516676 0.00516676 0.00516676
1.875 0 0.174068 0.00502038 0.00502038 0.00502038 0.795372 0.00516629 0.00516629 0.00516629
1.875 0.32476 0.160477 0.00462616 0.00462616 0.00462616 0.811346 0.0047661 0.0047661 0.0047661
1.875 0.649519 0.143262 0.00412958 0.00412958 0.00412958 0.831578 0.00425695 0.00425695 0.00425695
1.875 0.974279 0.13639 0.00393319 0.00393319 0.00393319 0.839648 0.00405399 0.00405399 0.00405399
1.875 1.29904 0.156517 0.00450269 0.00450269 0.00450269 0.816051 0.00464119 0.00464119 0.00464119
1.875 1.6238 0.229201 0.00653854 0.00653854 0.00653854 0.731116 0.00668872 0.00668872 0.00668872
1.875 1.94856 0.377539 0.0106286 0.0106286 0.0106286 0.558717 0.0106192 0.0106192 0.0106192
1.875 2.27332 0.554666 0.0155575 0.0155575 0.0155575 0.352783 0.0152932 0.0152932 0.0152932
1.875 2.59808 0.669876 0.0194277 0.0194277 0.0194277 0.214678 0.0190544 0.0190544 0.0190544
1.875 2.92284 0.714618 0.021677 0.021677 0.021677 0.15667 0.021227 0.021227 0.021227
1.875 3.2476 0.714627 0.0216775 0.0216775 0.0216775 0.156658 0.0212275 0.0212275 0.0212275
1.875 3.57235 0.669911 0.0194291 0.0194291 0.0194291 0.214635 0.0190558 0.0190558 0.0190558
1.875 3.89711 0.554736 0.0155595 0.0155595 0.0155595 0.352699 0.0152951 0.0152951 0.0152951
1.875 4.22187 0.37762 0.0106308 0.0106308 0.0106308 0.558624 0.0106213 0.0106213 0.0106213
1.875 4.54663 0.229249 0.00653991 0.00653991 0.00653991 0.731061 0.00669008 0.00669008 0.00669008
1.875 4.87139 0.156536 0.00450326 0.00450326 0.00450326 0.816029 0.00464178 0.00464178 0.00464178
1.875 5.19615 0.136396 0.00393342 0.00393342 0.00393342 0.839641 0.00405424 0.00405424 0.00405424
1.875 5.52091 0.143268 0.00412979 0.00412979 0.00412979 0.831572 0.00425716 0.00425716 0.00425716
1.875 5.84567 0.160488 0.0046265 0.0046265 0.0046265 0.811333 0.00476644 0.00476644 0.00476644
1.875 6.17043 0.174084 0.00502086 0.00502086 0.00502086 0.795353 0.00516676 0.00516676 0.00516676
2.0625 0 0.198825 0.00571107 0.00571107 0.00571107 0.766451 0.00586348 0.00586348 0.00586348
2.0625 0.32476 0.180567 0.00518811 0.00518811 0.00518811 0.787853 0.00533844 0.00533844 0.00533844
2.0625 0.649519 0.156544 0.00450353 0.00450353 0.00450353 0.816019 0.00464212 0.00464212 0.00464212
2.0625 0.974279 0.14326 0.00412953 0.00412953 0.00412953 0.831581 0.00425694 0.00425694 0.00425694
2.0625 1.29904 0.157655 0.00453933 0.00453933 0.00453933 0.814692 0.00467813 0.00467813 0.00467813
2.0625 1.6238 0.223081 0.00637319 0.00637319 0.00637319 0.738224 0.0065247 0.0065247 0.0065247
2.0625 1.94856 0.361601 0.0101959 0.0101959 0.0101959 0.577182 0.0102096 0.0102096 0.0102096
2.0625 2.27332 0.534068 0.014962 0.014962 0.014962 0.376882 0.0147216 0.0147216 0.0147216
2.0625 2.59808 0.65265 0.0187425 0.0187425 0.0187425 0.235964 0.0183862 0.0183862 0.0183862
2.0625 2.92284 0.700973 0.0208882 0.0208882 0.0208882 0.174952 0.0204701 0.0204701 0.0204701
2.0625 3.2476 0.700982 0.0208888 0.0208888 0.0208888 0.174939 0.0204706 0.0204706 0.0204706
2.0625 3.57235 0.652687 0.0187439 0.0187439 0.0187439 0.235919 0.0183875 0.0183875 0.0183875
2.0625 3.89711 0.534138 0.014964 0.014964 0.014964 0.376799 0.0147236 0.0147236 0.0147236
2.0625 4.22187 0.361677 0.010198 0.010198 0.010198 0.577095 0.0102115 0.0102115 0.0102115
2.0625 4.54663 0.223125 0.00637444 0.00637444 0.00637444 0.738174 0.00652594 0.00652594 0.00652594
2.0625 4.87139 0.157671 0.00453983 0.00453983 0.00453983 0.814673 0.00467866 0.00467866 0.00467866
2.0625 5.19615 0.143265 0.00412971 0.00412971 0.00412971 0.831575 0.00425714 0.00425714 0.00425714
2.0625 5.52091 0.156549 0.0045037 0.0045037 0.0045037 0.816013 0.0046423 0.0046423 0.0046423
2.0625 5.84567 0.180578 0.00518845 0.00518845 0.00518845 0.78784 0.00533877 0.00533877 0.00533877
2.0625 6.17043 0.198843 0.00571158 0.00571158 0.00571158 0.766431 0.00586398 0.00586398 0.00586398
2.25 0 0.251097 0.0071624 0.0071624 0.0071624 0.705518 0.00729915 0.00729915 0.00729915
2.25 0.32476 0.223113 0.00637405 0.00637405 0.00637405 0.738188 0.00652543 0.00652543 0.00652543
2.25 0.649519 0.184587 0.00529115 0.00529115 0.00529115 0.783208 0.00544384 0.00544384 0.00544384
2.25 0.974279 0.157674 0.00453991 0.00453991 0.00453991 0.814669 0.00467881 0.00467881 0.00467881
2.25 1.29904 0.160458 0.00462558 0.00462558 0.00462558 0.811369 0.00476546 0.00476546 0.00476546
2.25 1.6238 0.212186 0.00607715 0.00607715 0.00607715 0.750892 0.00622995 0.00622995 0.00622995
2.25 1.94856 0.331922 0.00938751 0.00938751 0.00938751 0.61159 0.00944182 0.00944182 0.00944182
2.25 2.27332 0.49283 0.0138002 0.0138002 0.0138002 0.424927 0.0136142 0.0136142 0.0136142
2.25 2.59808 0.615376 0.0174299 0.0174299 0.0174299 0.281017 0.0171058 0.0171058 0.0171058
2.25 2.92284 0.669894 0.0194287 0.0194287 0.0194287 0.214654 0.0190553 0.0190553 0.0190553
2.25 3.2476 0.669905 0.0194292 0.0194292 0.0194292 0.21464 0.0190558 0.0190558 0.0190558
2.25 3.57235 0.615415 0.0174312 0.0174312 0.0174312 0.28097 0.0171071 0.0171071 0.0171071
2.25 3.89711 0.492898 0.0138022 0.0138022 0.0138022 0.424847 0.013616 0.013616 0.013616
2.25 4.22187 0.331988 0.00938936 0.00938936 0.00938936 0.611514 0.00944357 0.00944357 0.00944357
2.25 4.54663 0.212221 0.00607818 0.00607818 0.00607818 0.750852 0.00623098 0.00623098 0.00623098
2.25 4.87139 0.160469 0.00462595 0.00462595 0.00462595 0.811355 0.00476584 0.00476584 0.00476584
2.25 5.19615 0.157675 0.00453998 0.00453998 0.00453998 0.814668 0.00467889 0.00467889 0.00467889
2.25 5.52091 0.184588 0.00529124 0.00529124 0.00529124 0.783206 0.00544394 0.00544394 0.00544394
2.25 5.84567 0.223124 0.00637437 0.00637437 0.00637437 0.738176 0.00652574 0.00652574 0.00652574
2.25 6.17043 0.251117 0.00716295 0.00716295 0.00716295 0.705496 0.00729966 0.00729966 0.00729966
2.4375 0 0.33201 0.00938998 0.00938998 0.00938998 0.611487 0.00944428 0.00944428 0.00944428
2.4375 0.32476 0.290135 0.00822966 0.00822966 0.00822966 0.66017 0.00833526 0.00833526 0.00833526
2.4375 0.649519 0.229233 0.00653934 0.00653934 0.00653934 0.731081 0.00668935 0.00668935 0.00668935
2.4375 0.974279 0.180562 0.00518791 0.00518791 0.00518791 0.787859 0.00533823 0.00533823 0.00533823
2.4375 1.29904 0.16572 0.00478094 0.00478094 0.00478094 0.805168 0.00492318 0.00492318 0.00492318
2.4375 1.6238 0.198796 0.00571018 0.00571018 0.00571018 0.766486 0.00586261 0.00586261 0.00586261
2.4375 1.94856 0.293008 0.00832087 0.00832087 0.00832087 0.656765 0.00842146 0.00842146 0.00842146
2.4375 2.27332 0.433052 0.0121522 0.0121522 0.0121522 0.494324 0.0120558 0.0120558 0.0120558
2.4375 2.59808 0.554691 0.0155578 0.0155578 0.0155578 0.352756 0.0152934 0.0152934 0.0152934
2.4375 2.92284 0.615403 0.0174309 0.0174309 0.0174309 0.280984 0.0171068 0.0171068 0.0171068
2.4375 3.2476 0.615416 0.0174313 0.0174313 0.0174313 0.280969 0.0171072 0.0171072 0.0171072
2.4375 3.57235 0.554732 0.015559 0.015559 0.015559 0.352708 0.0152945 0.0152945 0.0152945
2.4375 3.89711 0.433114 0.0121539 0.0121539 0.0121539 0.494252 0.0120574 0.0120574 0.0120574
2.4375 4.22187 0.293061 0.00832234 0.00832234 0.00832234 0.656704 0.00842289 0.00842289 0.00842289
2.4375 4.54663 0.198821 0.00571092 0.00571092 0.00571092 0.766457 0.00586336 0.00586336 0.00586336
2.4375 4.87139 0.165724 0.0047811 0.0047811 0.0047811 0.805163 0.00492336 0.00492336 0.00492336
2.4375 5.19615 0.180556 0.00518781 0.00518781 0.00518781 0.787866 0.00533813 0.00533813 0.00533813
2.4375 5.52091 0.229229 0.00653929 0.00653929 0.00653929 0.731085 0.0066893 0.0066893 0.0066893
2.4375 5.84567 0.290144 0.00822991 0.00822991 0.00822991 0.66016 0.00833548 0.00833548 0.00833548
2.4375 6.17043 0.332031 0.0093905 0.0093905 0.0093905 0.611463 0.00944474 0.00944474 0.00944474
2.625 0 0.433091 0.0121533 0.0121533 0.0121533 0.494278 0.0120568 0.0120568 0.0120568
2.625 0.32476 0.377663 0.010632 0.010632 0.010632 0.558573 0.0106225 0.0106225 0.0106225
2.625 0.649519 0.290137 0.00822966 0.00822966 0.00822966 0.660168 0.00833526 0.00833526 0.00833526
2.625 0.974279 0.212214 0.00607792 0.00607792 0.00607792 0.75086 0.00623064 0.00623064 0.00623064
2.625 1.29904 0.174058 0.00502006 0.00502006 0.00502006 0.795384 0.00516595 0.00516595 0.00516595
2.625 1.6238 0.18542 0.0053395 0.0053395 0.0053395 0.782093 0.00548931 0.00548931 0.00548931
2.625 1.94856 0.251059 0.00716132 0.00716132 0.00716132 0.705562 0.00729807 0.00729807 0.00729807
2.625 2.27332 0.36168 0.0101981 0.0101981 0.0101981 0.57709 0.0102117 0.0102117 0.0102117
2.625 2.59808 0.471804 0.0132136 0.0132136 0.0132136 0.449378 0.013059 0.013059 0.013059
2.625 2.92284 0.534116 0.0149631 0.0149631 0.0149631 0.376826 0.0147226 0.0147226 0.0147226
2.625 3.2476 0.53413 0.0149635 0.0149635 0.0149635 0.376811 0.014723 0.014723 0.014723
2.625 3.57235 0.471843 0.0132147 0.0132147 0.0132147 0.449333 0.01306 0.01306 0.01306
2.625 3.89711 0.36173 0.0101995 0.0101995 0.0101995 0.577032 0.0102131 0.0102131 0.0102131
2.625 4.22187 0.251096 0.00716237 0.00716237 0.00716237 0.70552 0.0072991 0.0072991 0.0072991
2.625 4.54663 0.185434 0.00533991 0.00533991 0.00533991 0.782078 0.00548973 0.00548973 0.00548973
2.625 4.87139 0.174053 0.00501997 0.00501997 0.00501997 0.795389 0.00516587 0.00516587 0.00516587
2.625 5.19615 0.212199 0.00607755 0.00607755 0.00607755 0.750878 0.00623028 0.00623028 0.00623028
2.625 5.52091 0.290124 0.00822937 0.00822937 0.00822937 0.660183 0.00833498 0.00833498 0.00833498
2.625 5.84567 0.377666 0.0106321 0.0106321 0.0106321 0.55857 0.0106226 0.0106226 0.0106226
2.625 6.17043 0.433109 0.0121537 0.0121537 0.0121537 0.494259 0.0120571 0.0120571 0.0120571
2.8125 0 0.534117 0.0149633 0.0149633 0.0149633 0.376825 0.0147228 0.0147228 0.0147228
2.8125 0.32476 0.471825 0.0132142 0.0132142 0.0132142 0.449353 0.0130596 0.0130596 0.0130596
2.8125 0.649519 0.361717 0.0101991 0.0101991 0.0101991 0.577047 0.0102127 0.0102127 0.0102127
2.8125 0.974279 0.251092 0.0071622 0.0071622 0.0071622 0.705525 0.00729893 0.00729893 0.00729893
2.8125 1.29904 0.185435 0.0053399 0.0053399 0.0053399 0.782076 0.00548971 0.00548971 0.00548971
2.8125 1.6238 0.174055 0.00501997 0.00501997 0.00501997 0.795388 0.00516586 0.00516586 0.00516586
2.8125 1.94856 0.212196 0.00607742 0.00607742 0.00607742 0.750881 0.00623014 0.00623014 0.00623014
2.8125 2.27332 0.290113 0.00822902 0.00822902 0.00822902 0.660196 0.00833464 0.00833464 0.00833464
2.8125 2.59808 0.377649 0.0106316 0.0106316 0.0106316 0.55859 0.0106222 0.0106222 0.0106222
2.8125 2.92284 0.433094 0.0121533 0.0121533 0.0121533 0.494276 0.0120568 0.0120568 0.0120568
2.8125 3.2476 0.433106 0.0121536 0.0121536 0.0121536 0.494262 0.0120571 0.0120571 0.0120571
2.8125 3.57235 0.37768 0.0106325 0.0106325 0.0106325 0.558554 0.010623 0.010623 0.010623
2.8125 3.89711 0.290148 0.00823001 0.00823001 0.00823001 0.660155 0.00833559 0.00833559 0.00833559
2.8125 4.22187 0.212217 0.00607804 0.00607804 0.00607804 0.750856 0.00623077 0.00623077 0.00623077
2.8125 4.54663 0.174057 0.00502006 0.00502006 0.00502006 0.795385 0.00516596 0.00516596 0.00516596
2.8125 4.87139 0.185419 0.0053395 0.0053395 0.0053395 0.782094 0.00548933 0.00548933 0.00548933
2.8125 5.19615 0.251063 0.00716149 0.00716149 0.00716149 0.705558 0.00729824 0.00729824 0.00729824
2.8125 5.52091 0.361693 0.0101985 0.0101985 0.0101985 0.577075 0.0102121 0.0102121 0.0102121
2.8125 5.84567 0.471821 0.0132141 0.0132141 0.0132141 0.449359 0.0130594 0.0130594 0.0130594
2.8125 6.17043 0.534129 0.0149634 0.0149634 0.0149634 0.376812 0.0147229 0.0147229 0.0147229
3 0 0.615407 0.0174311 0.0174311 0.0174311 0.280979 0.0171071 0.0171071 0.0171071
3 0.32476 0.554717 0.0155586 0.0155586 0.0155586 0.352725 0.0152942 0.0152942 0.0152942
3 0.649519 0.433102 0.0121535 0.0121535 0.0121535 0.494267 0.012057 0.012057 0.012057
3 0.974279 0.293056 0.00832215 0.00832215 0.00832215 0.65671 0.00842269 0.00842269 0.00842269
3 1.29904 0.198822 0.0057109 0.0057109 0.0057109 0.766455 0.00586333 0.00586333 0.00586333
3 1.6238 0.165726 0.00478112 0.00478112 0.00478112 0.805161 0.00492336 0.00492336 0.00492336
3 1.94856 0.180555 0.00518773 0.00518773 0.00518773 0.787868 0.00533804 0.00533804 0.00533804
3 2.27332 0.229221 0.00653902 0.00653902 0.00653902 0.731095 0.00668903 0.00668903 0.00668903
3 2.59808 0.290129 0.00822948 0.00822948 0.00822948 0.660177 0.00833508 0.00833508 0.00833508
3 2.92284 0.332016 0.00939012 0.00939012 0.00939012 0.61148 0.00944439 0.00944439 0.00944439
3 3.2476 0.332025 0.00939037 0.00939037 0.00939037 0.61147 0.00944463 0.00944463 0.00944463
3 3.57235 0.29015 0.00823008 0.00823008 0.00823008 0.660153 0.00833566 0.00833566 0.00833566
3 3.89711 0.229242 0.00653962 0.00653962 0.00653962 0.731071 0.00668963 0.00668963 0.00668963
3 4.22187 0.180564 0.005188 0.005188 0.005188 0.787857 0.00533832 0.00533832 0.00533832
3 4.54663 0.165718 0.00478093 0.00478093 0.00478093 0.80517 0.00492318 0.00492318 0.00492318
3 4.87139 0.198795 0.00571019 0.00571019 0.00571019 0.766487 0.00586264 0.00586264 0.00586264
3 5.19615 0.293012 0.00832106 0.00832106 0.00832106 0.656759 0.00842166 0.00842166 0.00842166
3 5.52091 0.433065 0.0121526 0.0121526 0.0121526 0.494309 0.0120561 0.0120561 0.0120561
3 5.84567 0.554705 0.0155582 0.0155582 0.0155582 0.352739 0.0152938 0.0152938 0.0152938
3 6.17043 0.615412 0.017431 0.017431 0.017431 0.280974 0.0171069 0.0171069 0.0171069
3.1875 0 0.669899 0.0194292 0.0194292 0.0194292 0.214646 0.0190557 0.0190557 0.0190557
3.1875 0.32476 0.615403 0.0174309 0.0174309 0.0174309 0.280984 0.0171068 0.0171068 0.0171068
3.1875 0.649519 0.492887 0.0138018 0.0138018 0.0138018 0.424861 0.0136156 0.0136156 0.0136156
3.1875 0.974279 0.331984 0.00938915 0.00938915 0.00938915 0.611519 0.00944337 0.00944337 0.00944337
3.1875 1.29904 0.212223 0.00607816 0.00607816 0.00607816 0.75085 0.00623096 0.00623096 0.00623096
3.1875 1.6238 0.160472 0.00462597 0.00462597 0.00462597 0.811353 0.00476585 0.00476585 0.00476585
3.1875 1.94856 0.157675 0.00453994 0.00453994 0.00453994 0.814669 0.00467883 0.00467883 0.00467883
3.1875 2.27332 0.184582 0.00529104 0.00529104 0.00529104 0.783213 0.00544373 0.00544373 0.00544373
3.1875 2.59808 0.223112 0.00637403 0.00637403 0.00637403 0.738189 0.0065254 0.0065254 0.0065254
3.1875 2.92284 0.251104 0.00716259 0.00716259 0.00716259 0.70551 0.00729933 0.00729933 0.00729933
3.1875 3.2476 0.25111 0.00716275 0.00716275 0.00716275 0.705504 0.00729949 0.00729949 0.00729949
3.1875 3.57235 0.223125 0.00637439 0.00637439 0.00637439 0.738175 0.00652576 0.00652576 0.00652576
3.1875 3.89711 0.184593 0.00529135 0.00529135 0.00529135 0.783201 0.00544404 0.00544404 0.00544404
3.1875 4.22187 0.157675 0.00453996 0.00453996 0.00453996 0.814669 0.00467887 0.00467887 0.00467887
3.1875 4.54663 0.160456 0.00462556 0.00462556 0.00462556 0.811371 0.00476544 0.00476544 0.00476544
3.1875 4.87139 0.212184 0.00607716 0.00607716 0.00607716 0.750894 0.00622998 0.00622998 0.00622998
3.1875 5.19615 0.331926 0.00938772 0.00938772 0.00938772 0.611584 0.00944202 0.00944202 0.00944202
3.1875 5.52091 0.492842 0.0138006 0.0138006 0.0138006 0.424913 0.0136146 0.0136146 0.0136146
3.1875 5.84567 0.615387 0.0174303 0.0174303 0.0174303 0.281004 0.0171062 0.0171062 0.0171062
3.1875 6.17043 0.669899 0.0194288 0.0194288 0.0194288 0.214648 0.0190554 0.0190554 0.0190554
3.375 0 0.700978 0.0208888 0.0208888 0.0208888 0.174943 0.0204706 0.0204706 0.0204706
3.375 0.32476 0.652678 0.0187436 0.0187436 0.0187436 0.23593 0.0183873 0.0183873 0.0183873
3.375 0.649519 0.534128 0.0149637 0.0149637 0.0149637 0.376811 0.0147232 0.0147232 0.0147232
3.375 0.974279 0.361673 0.0101978 0.0101978 0.0101978 0.5771 0.0102113 0.0102113 0.0102113
3.375 1.29904 0.223127 0.00637443 0.00637443 0.00637443 0.738173 0.00652592 0.00652592 0.00652592
3.375 1.6238 0.157674 0.00453987 0.00453987 0.00453987 0.814671 0.00467868 0.00467868 0.00467868
3.375 1.94856 0.143265 0.00412969 0.00412969 0.00412969 0.831575 0.00425711 0.00425711 0.00425711
3.375 2.27332 0.156544 0.00450356 0.00450356 0.00450356 0.816018 0.00464215 0.00464215 0.00464215
3.375 2.59808 0.180569 0.00518818 0.00518818 0.00518818 0.78785 0.0053385 0.0053385 0.0053385
3.375 2.92284 0.198832 0.00571128 0.00571128 0.00571128 0.766443 0.00586368 0.00586368 0.00586368
3.375 3.2476 0.198835 0.00571138 0.00571138 0.00571138 0.766439 0.00586378 0.00586378 0.00586378
3.375 3.57235 0.180576 0.00518838 0.00518838 0.00518838 0.787843 0.00533871 0.00533871 0.00533871
3.375 3.89711 0.156548 0.00450368 0.00450368 0.00450368 0.816014 0.00464228 0.00464228 0.00464228
3.375 4.22187 0.14326 0.00412955 0.00412955 0.00412955 0.831581 0.00425698 0.00425698 0.00425698
3.375 4.54663 0.157652 0.0045393 0.0045393 0.0045393 0.814695 0.00467811 0.00467811 0.00467811
3.375 4.87139 0.22308 0.0063732 0.0063732 0.0063732 0.738226 0.00652472 0.00652472 0.00652472
3.375 5.19615 0.361605 0.0101962 0.0101962 0.0101962 0.577177 0.0102098 0.0102098 0.0102098
3.375 5.52091 0.534078 0.0149624 0.0149624 0.0149624 0.376869 0.014722 0.014722 0.014722
3.375 5.84567 0.652659 0.0187428 0.0187428 0.0187428 0.235953 0.0183865 0.0183865 0.0183865
3.375 6.17043 0.700977 0.0208882 0.0208882 0.0208882 0.174948 0.0204701 0.0204701 0.0204701
3.5625 0 0.714624 0.0216776 0.0216776 0.0216776 0.156661 0.0212276 0.0212276 0.0212276
3.5625 0.32476 0.669903 0.0194288 0.0194288 0.0194288 0.214644 0.0190555 0.0190555 0.0190555
3.5625 0.649519 0.554727 0.0155592 0.0155592 0.0155592 0.35271 0.0152948 0.0152948 0.0152948
3.5625 0.974279 0.377616 0.0106306 0.0106306 0.0106306 0.558629 0.0106211 0.0106211 0.0106211
3.5625 1.29904 0.229251 0.0065399 0.0065399 0.0065399 0.73106 0.00669006 0.00669006 0.00669006
3.5625 1.6238 0.156539 0.0045033 0.0045033 0.0045033 0.816026 0.00464181 0.00464181 0.00464181
3.5625 1.94856 0.136397 0.00393341 0.00393341 0.00393341 0.83964 0.00405422 0.00405422 0.00405422
3.5625 2.27332 0.143264 0.00412967 0.00412967 0.00412967 0.831576 0.00425703 0.00425703 0.00425703
3.5625 2.59808 0.16048 0.00462627 0.00462627 0.00462627 0.811342 0.00476621 0.00476621 0.00476621
3.5625 2.92284 0.174075 0.00502059 0.00502059 0.00502059 0.795364 0.00516649 0.00516649 0.00516649
3.5625 3.2476 0.174077 0.00502066 0.00502066 0.00502066 0.795361 0.00516656 0.00516656 0.00516656
3.5625 3.57235 0.160484 0.00462639 0.00462639 0.00462639 0.811337 0.00476634 0.00476634 0.00476634
3.5625 3.89711 0.143265 0.0041297 0.0041297 0.0041297 0.831574 0.00425708 0.00425708 0.00425708
3.5625 4.22187 0.136389 0.0039332 0.0039332 0.0039332 0.839649 0.00405401 0.00405401 0.00405401
3.5625 4.54663 0.156514 0.00450265 0.00450265 0.00450265 0.816054 0.00464115 0.00464115 0.00464115
3.5625 4.87139 0.229199 0.00653855 0.00653855 0.00653855 0.731118 0.00668875 0.00668875 0.00668875
3.5625 5.19615 0.377543 0.0106288 0.0106288 0.0106288 0.558712 0.0106194 0.0106194 0.0106194
3.5625 5.52091 0.554675 0.0155578 0.0155578 0.0155578 0.352772 0.0152935 0.0152935 0.0152935
3.5625 5.84567 0.669884 0.019428 0.019428 0.019428 0.214668 0.0190547 0.0190547 0.0190547
3.5625 6.17043 0.714621 0.0216769 0.0216769 0.0216769 0.156668 0.0212269 0.0212269 0.0212269
